x300:
{
    mass: 30.0; #kg
    buoyancy: -294.3;  # x300 is neutrally buoyant so B = -30 * 9.81
    center_of_gravity: [0.0, 0.0, 0.0]; # x, y, z coordinates
    inertia_tensor: [4.42, 4.38, 5.66]; # kg*m^2
    gravity_vector: [0.0, 0.0, -9.81]; # m/s^2
    center_of_buoyancy: [0.0, 0.0, 0.0]; # x, y, z coordinates
    added_mass: [-31.605, -9.86372, -9.86372, 0.0, -0.210431, -0.210431]; # kg
    damping_coefficients: [11.64, 11.64, 53.04, 0.0, 0.0, 0.0]; # Ns/m
    
    # thruster positions and orientations
    thruster_positions: [-1.0, 0.0, 0.0, -0.5, 0.0, 0.0, -0.25, 0.0, 0.0, 0.25, 0.0, 0.0, 0.5, 0.0, 0.0]; # x, y, z coordinates
    thruster_orientations_degrees: [0.0, 0.0, -180.0, 0.0, 0.0, 90.0, 0.0, 90.0, 0.0, 0.0, 90.0, 0.0, 0.0, 0.0, 90.0]; # x, y, z angles in degree

};
