x300:
{
    mass: 30.0; #kg
    buoyancy: -294.3;  # x300 is neutrally buoyant so B = -30 * 9.81
    center_of_gravity: [0.0, 0.0, 0.0]; # x, y, z coordinates
    inertia_tensor: [4.42, 4.38, 5.66]; # kg*m^2
    gravity_vector: [0.0, 0.0, -9.81]; # m/s^2
    center_of_buoyancy: [0.0, 0.0, 0.0]; # x, y, z coordinates
    added_mass: [-31.605, -9.86372, -9.86372, 0.0, -0.210431, -0.210431]; # kg
    damping_coefficients: [11.64, 11.64, 53.04, 0.0, 0.0, 0.0]; # Ns/m
    # thruster positions and orientations

    thruster_upper_limits: [50.0, 50.0, 50.0, 50.0, 50.0]; # N
    thruster_lower_limits: [-50.0, -50.0, -50.0, -50.0, -50.0]; # N
    thruster_allocation_weights: [1.0, 2.0, 2.0, 2.0, 2.0]; # Higher weights = higher minimization

    thruster_positions: [-1.0, 0.0, 0.0, -0.5, 0.0, 0.0, -0.25, 0.0, 0.0, 0.25, 0.0, 0.0, 0.5, 0.0, 0.0]; # x, y, z coordinates
    thruster_orientations_degrees: [0.0, 0.0, -180.0, 0.0, 0.0, 90.0, 0.0, 90.0, 0.0, 0.0, 90.0, 0.0, 0.0, 0.0, 90.0]; # x, y, z angles in degree




    gainsX: [1.0, 0.0, 15.0, 0.0, 0.0, 0.01]; # Kp, Ki, Kd, Kff, N, Tr 
    gainsY: [1.0, 0.0, 15.0, 0.0, 0.0, 0.01]; 
    gainsZ: [1.0, 0.0, 15.0, 0.0, 0.0, 0.01];
    gainsRoll: [0.5, 0.0, 0.0, 0.0, 0.0, 0.01];
    gainsPitch: [0.5, 0.0, 0.0, 0.0, 0.0, 0.01];
    gainsYaw: [0.5, 0.0, 0.0, 0.0, 0.0, 0.01];

    #Max and Min linear & angular velocities
    max_linear_angular_velocities: [2.0, 2.0, 1.5, 0.0, 1.0, 1.0]; # m/s, rad/s
    min_linear_angular_velocities: [-2.0, -2.0, -1.5, 0.0, -1.0, -1.0]; # m/s, rad/s 
    
    
};
